0.0561497326203	0.0454545454545	0.0401069518717	0.0561497326203	0.0401069518717	0.024064171123	0.0508021390374	0.0561497326203	0.0508021390374	0.072192513369	0.0454545454545	0.0508021390374	0.0614973262032	0.0614973262032	0.0454545454545	0.0668449197861	0.0614973262032	0.0401069518717	0.0508021390374	0.024064171123	
0.0397727272727	0.0397727272727	0.0511363636364	0.0738636363636	0.0284090909091	0.0511363636364	0.0397727272727	0.0625	0.0397727272727	0.0284090909091	0.0738636363636	0.0511363636364	0.0397727272727	0.0511363636364	0.0738636363636	0.0511363636364	0.0625	0.0511363636364	0.0625	0.0284090909091	
0.0401785714286	0.0580357142857	0.0401785714286	0.0401785714286	0.0401785714286	0.03125	0.0580357142857	0.0491071428571	0.0491071428571	0.0580357142857	0.03125	0.0491071428571	0.0491071428571	0.03125	0.0669642857143	0.0848214285714	0.0580357142857	0.0223214285714	0.0580357142857	0.0848214285714	
0.0563829787234	0.0329787234043	0.0478723404255	0.05	0.0457446808511	0.0414893617021	0.0436170212766	0.0563829787234	0.0734042553191	0.0436170212766	0.0606382978723	0.0478723404255	0.0521276595745	0.0457446808511	0.0585106382979	0.05	0.0414893617021	0.0478723404255	0.0478723404255	0.0563829787234	
0.0550847457627	0.0381355932203	0.0494350282486	0.0437853107345	0.0353107344633	0.0296610169492	0.0522598870056	0.0437853107345	0.0409604519774	0.066384180791	0.0437853107345	0.0550847457627	0.0607344632768	0.0550847457627	0.0494350282486	0.0409604519774	0.0579096045198	0.0550847457627	0.0494350282486	0.0776836158192	
0.0404191616766	0.0494011976048	0.0464071856287	0.0344311377246	0.0583832335329	0.0374251497006	0.061377245509	0.0494011976048	0.064371257485	0.0673652694611	0.0434131736527	0.0523952095808	0.0344311377246	0.0464071856287	0.0553892215569	0.0344311377246	0.064371257485	0.0434131736527	0.061377245509	0.0553892215569	
0.0699404761905	0.0580357142857	0.0520833333333	0.0342261904762	0.0431547619048	0.0699404761905	0.0520833333333	0.0520833333333	0.0520833333333	0.0342261904762	0.0550595238095	0.0282738095238	0.0520833333333	0.0401785714286	0.0550595238095	0.0550595238095	0.03125	0.0491071428571	0.0610119047619	0.0550595238095	
0.0507692307692	0.0569230769231	0.0446153846154	0.0569230769231	0.0630769230769	0.0384615384615	0.0507692307692	0.0815384615385	0.0384615384615	0.0538461538462	0.0446153846154	0.0507692307692	0.0569230769231	0.0476923076923	0.0446153846154	0.0323076923077	0.06	0.0292307692308	0.0507692307692	0.0476923076923	
0.0529411764706	0.0333333333333	0.0529411764706	0.0607843137255	0.0529411764706	0.0725490196078	0.0294117647059	0.0529411764706	0.0450980392157	0.056862745098	0.0333333333333	0.0490196078431	0.0529411764706	0.0450980392157	0.0647058823529	0.0411764705882	0.0490196078431	0.0686274509804	0.0333333333333	0.0529411764706	
0.044964028777	0.0413669064748	0.0305755395683	0.0413669064748	0.0485611510791	0.0629496402878	0.0377697841727	0.0521582733813	0.0521582733813	0.0341726618705	0.0665467625899	0.0593525179856	0.0521582733813	0.0593525179856	0.0773381294964	0.0521582733813	0.0413669064748	0.0557553956835	0.044964028777	0.044964028777	
0.0433884297521	0.0351239669421	0.0640495867769	0.0433884297521	0.0599173553719	0.047520661157	0.0309917355372	0.051652892562	0.047520661157	0.0599173553719	0.0599173553719	0.0599173553719	0.0351239669421	0.0599173553719	0.047520661157	0.0227272727273	0.0433884297521	0.0557851239669	0.047520661157	0.0847107438017	
0.0511111111111	0.0555555555556	0.0288888888889	0.0377777777778	0.0466666666667	0.06	0.0644444444444	0.0511111111111	0.06	0.06	0.0333333333333	0.0555555555556	0.0644444444444	0.0644444444444	0.0288888888889	0.0333333333333	0.0466666666667	0.0422222222222	0.0644444444444	0.0511111111111	
0.0447368421053	0.0605263157895	0.0710526315789	0.0342105263158	0.0552631578947	0.0605263157895	0.0394736842105	0.0394736842105	0.0710526315789	0.0552631578947	0.0342105263158	0.0394736842105	0.0394736842105	0.0552631578947	0.05	0.0605263157895	0.0657894736842	0.0447368421053	0.05	0.0289473684211	
0.0488126649077	0.0435356200528	0.0435356200528	0.0540897097625	0.0540897097625	0.032981530343	0.0461741424802	0.0620052770449	0.05672823219	0.0382585751979	0.0540897097625	0.0408970976253	0.0435356200528	0.0514511873351	0.0620052770449	0.0514511873351	0.0408970976253	0.0699208443272	0.0540897097625	0.0514511873351	
0.0597147950089	0.0632798573975	0.0401069518717	0.0365418894831	0.0632798573975	0.0561497326203	0.0472370766488	0.0401069518717	0.0579322638146	0.0490196078431	0.0383244206774	0.0436720142602	0.0472370766488	0.0490196078431	0.0383244206774	0.054367201426	0.054367201426	0.0597147950089	0.054367201426	0.0472370766488	
0.061170212766	0.0505319148936	0.0452127659574	0.061170212766	0.0452127659574	0.0877659574468	0.061170212766	0.061170212766	0.0398936170213	0.0452127659574	0.0505319148936	0.0664893617021	0.0558510638298	0.0452127659574	0.0452127659574	0.0345744680851	0.0452127659574	0.0292553191489	0.0345744680851	0.0345744680851	
0.0494186046512	0.0494186046512	0.031976744186	0.0668604651163	0.0436046511628	0.0203488372093	0.0668604651163	0.0494186046512	0.0436046511628	0.0843023255814	0.031976744186	0.0436046511628	0.0668604651163	0.0552325581395	0.0436046511628	0.0552325581395	0.0726744186047	0.0494186046512	0.0203488372093	0.0552325581395	
0.05	0.05	0.045652173913	0.045652173913	0.045652173913	0.0586956521739	0.0413043478261	0.0413043478261	0.0630434782609	0.0326086956522	0.054347826087	0.0586956521739	0.05	0.05	0.05	0.045652173913	0.0413043478261	0.0586956521739	0.0630434782609	0.054347826087	
0.0451807228916	0.0993975903614	0.0451807228916	0.0632530120482	0.039156626506	0.0572289156627	0.0451807228916	0.0632530120482	0.0451807228916	0.0632530120482	0.0210843373494	0.0331325301205	0.039156626506	0.039156626506	0.0512048192771	0.0512048192771	0.0572289156627	0.0512048192771	0.039156626506	0.0512048192771	
0.0508274231678	0.0366430260047	0.065011820331	0.0508274231678	0.0413711583924	0.0579196217494	0.048463356974	0.0579196217494	0.048463356974	0.0602836879433	0.0460992907801	0.0437352245863	0.0602836879433	0.031914893617	0.0531914893617	0.0508274231678	0.048463356974	0.0460992907801	0.0508274231678	0.0508274231678	
0.0570776255708	0.0388127853881	0.0525114155251	0.0388127853881	0.0433789954338	0.0570776255708	0.0296803652968	0.0388127853881	0.0936073059361	0.0525114155251	0.0570776255708	0.0570776255708	0.0342465753425	0.0251141552511	0.0570776255708	0.0433789954338	0.0570776255708	0.0616438356164	0.0433789954338	0.0616438356164	
0.0567117585848	0.0452653485952	0.0525494276795	0.0431841831426	0.0431841831426	0.0504682622268	0.0390218522373	0.0369406867846	0.0431841831426	0.0556711758585	0.0525494276795	0.0473465140479	0.0577523413111	0.0525494276795	0.0535900104058	0.0452653485952	0.0650364203954	0.0567117585848	0.0567117585848	0.0463059313215	
0.067880794702	0.0413907284768	0.0612582781457	0.0645695364238	0.0546357615894	0.0314569536424	0.0513245033113	0.0745033112583	0.044701986755	0.0480132450331	0.0546357615894	0.044701986755	0.0645695364238	0.0380794701987	0.0645695364238	0.044701986755	0.0413907284768	0.0380794701987	0.0215231788079	0.0480132450331	
0.0443548387097	0.0551075268817	0.0551075268817	0.0443548387097	0.0255376344086	0.0497311827957	0.0497311827957	0.0766129032258	0.0470430107527	0.0497311827957	0.0551075268817	0.0658602150538	0.0443548387097	0.0497311827957	0.0658602150538	0.0443548387097	0.0497311827957	0.0631720430108	0.0255376344086	0.0389784946237	
0.0506756756757	0.0709459459459	0.0371621621622	0.0304054054054	0.0709459459459	0.0506756756757	0.0641891891892	0.0371621621622	0.0709459459459	0.0439189189189	0.0506756756757	0.0574324324324	0.0371621621622	0.0304054054054	0.0574324324324	0.0574324324324	0.0371621621622	0.0574324324324	0.0574324324324	0.0304054054054	
0.0295698924731	0.0456989247312	0.0349462365591	0.0349462365591	0.0456989247312	0.0510752688172	0.0403225806452	0.0456989247312	0.0510752688172	0.0779569892473	0.0618279569892	0.0564516129032	0.0295698924731	0.0403225806452	0.0725806451613	0.0618279569892	0.0725806451613	0.0618279569892	0.0564516129032	0.0295698924731	
0.0420792079208	0.0569306930693	0.0569306930693	0.0618811881188	0.0470297029703	0.0420792079208	0.0470297029703	0.0272277227723	0.0569306930693	0.0321782178218	0.0371287128713	0.0668316831683	0.0668316831683	0.0420792079208	0.0519801980198	0.0371287128713	0.0569306930693	0.0618811881188	0.0321782178218	0.0767326732673	
0.05078125	0.04296875	0.0481770833333	0.0611979166667	0.05078125	0.0481770833333	0.0377604166667	0.0768229166667	0.04296875	0.0299479166667	0.05078125	0.0325520833333	0.05078125	0.0559895833333	0.06640625	0.0481770833333	0.0325520833333	0.05078125	0.0611979166667	0.0611979166667	
0.0377697841727	0.0377697841727	0.0305755395683	0.0341726618705	0.0485611510791	0.044964028777	0.0521582733813	0.0593525179856	0.0881294964029	0.0521582733813	0.0629496402878	0.0629496402878	0.0485611510791	0.0593525179856	0.0485611510791	0.0485611510791	0.044964028777	0.023381294964	0.0485611510791	0.0665467625899	
0.0525727069351	0.0480984340045	0.0436241610738	0.0346756152125	0.0480984340045	0.0324384787472	0.0659955257271	0.0570469798658	0.0548098434004	0.0570469798658	0.0548098434004	0.0458612975391	0.0592841163311	0.0480984340045	0.0279642058166	0.0659955257271	0.0458612975391	0.0637583892617	0.0503355704698	0.0436241610738	
0.0433789954338	0.0296803652968	0.0662100456621	0.0388127853881	0.0479452054795	0.0342465753425	0.0525114155251	0.0342465753425	0.0388127853881	0.0342465753425	0.0707762557078	0.0570776255708	0.0479452054795	0.0936073059361	0.0570776255708	0.0251141552511	0.0616438356164	0.0525114155251	0.0388127853881	0.0753424657534	
0.0510597302505	0.0491329479769	0.0356454720617	0.0510597302505	0.0529865125241	0.0491329479769	0.0298651252408	0.0549132947977	0.0510597302505	0.0568400770713	0.0452793834297	0.0510597302505	0.0568400770713	0.0414258188825	0.0664739884393	0.0529865125241	0.0664739884393	0.0414258188825	0.0394990366089	0.0568400770713	
0.05	0.05	0.0804347826087	0.05	0.054347826087	0.0586956521739	0.045652173913	0.0630434782609	0.045652173913	0.05	0.05	0.054347826087	0.05	0.0152173913043	0.054347826087	0.0673913043478	0.0369565217391	0.0369565217391	0.0369565217391	0.05	
0.0442708333333	0.0598958333333	0.0390625	0.0546875	0.0286458333333	0.0286458333333	0.0338541666667	0.0755208333333	0.0546875	0.0494791666667	0.0442708333333	0.0494791666667	0.0598958333333	0.0338541666667	0.0546875	0.0807291666667	0.0859375	0.0390625	0.0390625	0.0442708333333	
0.0482866043614	0.0732087227414	0.0420560747664	0.0638629283489	0.0327102803738	0.0295950155763	0.0451713395639	0.0295950155763	0.0482866043614	0.0576323987539	0.0607476635514	0.0358255451713	0.0638629283489	0.0545171339564	0.0420560747664	0.0576323987539	0.0700934579439	0.0545171339564	0.0514018691589	0.0389408099688	
0.0481651376147	0.052752293578	0.0573394495413	0.052752293578	0.0665137614679	0.0481651376147	0.0344036697248	0.0481651376147	0.0298165137615	0.0298165137615	0.0435779816514	0.0344036697248	0.052752293578	0.0665137614679	0.0619266055046	0.0481651376147	0.0481651376147	0.0573394495413	0.0573394495413	0.0619266055046	
0.0541401273885	0.0668789808917	0.0605095541401	0.0222929936306	0.0414012738854	0.0605095541401	0.0541401273885	0.0477707006369	0.0477707006369	0.0414012738854	0.0222929936306	0.0414012738854	0.0732484076433	0.0350318471338	0.0477707006369	0.0668789808917	0.0732484076433	0.0732484076433	0.0350318471338	0.0350318471338	
0.0462328767123	0.0599315068493	0.0393835616438	0.0565068493151	0.0530821917808	0.0565068493151	0.0325342465753	0.0359589041096	0.0428082191781	0.0633561643836	0.0496575342466	0.0496575342466	0.0428082191781	0.0325342465753	0.0530821917808	0.0736301369863	0.0530821917808	0.0530821917808	0.0496575342466	0.0565068493151	
0.0522727272727	0.0522727272727	0.0568181818182	0.0340909090909	0.0522727272727	0.0386363636364	0.0522727272727	0.0613636363636	0.0613636363636	0.0613636363636	0.0477272727273	0.0477272727273	0.0704545454545	0.0431818181818	0.0613636363636	0.0431818181818	0.0659090909091	0.0477272727273	0.0204545454545	0.0295454545455	
0.0625	0.0625	0.0708333333333	0.0375	0.0541666666667	0.0541666666667	0.0541666666667	0.0625	0.0375	0.0708333333333	0.0291666666667	0.0458333333333	0.0291666666667	0.0458333333333	0.0458333333333	0.0541666666667	0.0208333333333	0.0625	0.0375	0.0625	
0.0557142857143	0.0414285714286	0.0642857142857	0.0385714285714	0.0528571428571	0.0328571428571	0.0528571428571	0.0614285714286	0.0271428571429	0.0557142857143	0.0471428571429	0.0557142857143	0.0585714285714	0.0557142857143	0.05	0.0442857142857	0.0357142857143	0.0614285714286	0.0557142857143	0.0528571428571	
0.0741626794258	0.0406698564593	0.0789473684211	0.0406698564593	0.0454545454545	0.0502392344498	0.0406698564593	0.0406698564593	0.0693779904306	0.0406698564593	0.0502392344498	0.0502392344498	0.0741626794258	0.0406698564593	0.0645933014354	0.0311004784689	0.0215311004785	0.0454545454545	0.0598086124402	0.0406698564593	
0.0589353612167	0.0513307984791	0.0551330798479	0.0437262357414	0.0475285171103	0.0361216730038	0.0551330798479	0.0551330798479	0.0513307984791	0.0437262357414	0.0551330798479	0.0551330798479	0.0589353612167	0.0361216730038	0.0627376425856	0.0399239543726	0.0513307984791	0.0437262357414	0.0475285171103	0.0513307984791	
0.0878787878788	0.0454545454545	0.0575757575758	0.069696969697	0.0333333333333	0.0454545454545	0.0333333333333	0.0757575757576	0.0333333333333	0.0393939393939	0.0393939393939	0.0515151515152	0.0272727272727	0.0515151515152	0.0454545454545	0.0575757575758	0.0454545454545	0.0333333333333	0.0575757575758	0.069696969697	
0.0668789808917	0.0668789808917	0.0477707006369	0.0350318471338	0.0541401273885	0.0477707006369	0.0414012738854	0.0541401273885	0.0477707006369	0.0350318471338	0.0541401273885	0.0477707006369	0.0605095541401	0.0477707006369	0.0414012738854	0.0286624203822	0.0541401273885	0.0477707006369	0.0541401273885	0.0668789808917	
0.0472972972973	0.0427927927928	0.0518018018018	0.0743243243243	0.0157657657658	0.0427927927928	0.0427927927928	0.0337837837838	0.0518018018018	0.0382882882883	0.0608108108108	0.0653153153153	0.0472972972973	0.0518018018018	0.0382882882883	0.0563063063063	0.0653153153153	0.0472972972973	0.0653153153153	0.0608108108108	
0.0546995377504	0.0531587057011	0.0454545454545	0.0469953775039	0.0500770416025	0.0469953775039	0.0531587057011	0.0608628659476	0.0516178736518	0.0469953775039	0.0423728813559	0.0546995377504	0.0531587057011	0.0500770416025	0.0392912172573	0.0362095531587	0.0500770416025	0.0562403697997	0.0546995377504	0.0531587057011	
0.0304054054054	0.0574324324324	0.0439189189189	0.0506756756757	0.0371621621622	0.0641891891892	0.0574324324324	0.0506756756757	0.0439189189189	0.0912162162162	0.0304054054054	0.0236486486486	0.0439189189189	0.0439189189189	0.0439189189189	0.0641891891892	0.0439189189189	0.0371621621622	0.0506756756757	0.0912162162162	
0.0491452991453	0.0405982905983	0.0790598290598	0.0491452991453	0.0491452991453	0.0448717948718	0.0320512820513	0.0619658119658	0.0235042735043	0.0534188034188	0.0405982905983	0.0619658119658	0.0448717948718	0.0491452991453	0.0320512820513	0.0790598290598	0.0619658119658	0.0619658119658	0.0405982905983	0.0448717948718	
0.0390211640212	0.0363756613757	0.0628306878307	0.0575396825397	0.0416666666667	0.0443121693122	0.0601851851852	0.0601851851852	0.0403439153439	0.0535714285714	0.0588624338624	0.0575396825397	0.0429894179894	0.0376984126984	0.0376984126984	0.0535714285714	0.0535714285714	0.0601851851852	0.0469576719577	0.0548941798942	
0.0405982905983	0.0405982905983	0.0277777777778	0.0320512820513	0.0619658119658	0.0705128205128	0.0747863247863	0.0534188034188	0.0448717948718	0.0491452991453	0.0534188034188	0.0576923076923	0.0363247863248	0.0576923076923	0.0705128205128	0.0405982905983	0.0405982905983	0.0662393162393	0.0448717948718	0.0363247863248	
0.0497076023392	0.0497076023392	0.0438596491228	0.0438596491228	0.0672514619883	0.0614035087719	0.0380116959064	0.0380116959064	0.0497076023392	0.0380116959064	0.0614035087719	0.0614035087719	0.0263157894737	0.0321637426901	0.0730994152047	0.0847953216374	0.0380116959064	0.0497076023392	0.0497076023392	0.0438596491228	
0.0387323943662	0.0528169014085	0.0598591549296	0.080985915493	0.0457746478873	0.0528169014085	0.0316901408451	0.0246478873239	0.0387323943662	0.0528169014085	0.0528169014085	0.0528169014085	0.0598591549296	0.0387323943662	0.0457746478873	0.0316901408451	0.080985915493	0.0457746478873	0.0528169014085	0.0598591549296	
0.0513698630137	0.0513698630137	0.0513698630137	0.0445205479452	0.0513698630137	0.0445205479452	0.0445205479452	0.0582191780822	0.0376712328767	0.0445205479452	0.0582191780822	0.0308219178082	0.0376712328767	0.0787671232877	0.0513698630137	0.0582191780822	0.0239726027397	0.0582191780822	0.0513698630137	0.0719178082192	
0.0530821917808	0.0462328767123	0.0428082191781	0.0530821917808	0.0530821917808	0.0599315068493	0.0667808219178	0.0462328767123	0.0428082191781	0.0291095890411	0.0667808219178	0.0496575342466	0.0393835616438	0.0496575342466	0.0530821917808	0.0496575342466	0.0393835616438	0.0530821917808	0.0736301369863	0.0325342465753	
0.0566666666667	0.0233333333333	0.0366666666667	0.0433333333333	0.05	0.07	0.0433333333333	0.05	0.0433333333333	0.0366666666667	0.05	0.09	0.05	0.0433333333333	0.05	0.0566666666667	0.05	0.03	0.0633333333333	0.0633333333333	
0.0418994413408	0.0586592178771	0.0642458100559	0.0586592178771	0.0530726256983	0.036312849162	0.0642458100559	0.0307262569832	0.0418994413408	0.0586592178771	0.0586592178771	0.0307262569832	0.0418994413408	0.0642458100559	0.0586592178771	0.0418994413408	0.0754189944134	0.0474860335196	0.036312849162	0.036312849162	
0.0486381322957	0.0603112840467	0.0486381322957	0.0408560311284	0.0447470817121	0.0486381322957	0.0603112840467	0.0603112840467	0.0369649805447	0.068093385214	0.0525291828794	0.0408560311284	0.0447470817121	0.0603112840467	0.0408560311284	0.0603112840467	0.0330739299611	0.0603112840467	0.0447470817121	0.0447470817121	
